Weights gradient of first hidden layer:
 tensor([[-0.0001,  0.0012, -0.0006,  0.0019,  0.0014,  0.0005,  0.0007,  0.0010,
         -0.0016,  0.0005],
        [-0.0011,  0.0090, -0.0043,  0.0139,  0.0103,  0.0035,  0.0050,  0.0069,
         -0.0113,  0.0039]])
Bias gradient of first hidden layer:
 tensor([-0.0013,  0.0110, -0.0052,  0.0170,  0.0126,  0.0043,  0.0062,  0.0085,
        -0.0139,  0.0047])
         
Weights gradient of second hidden layer:
 tensor([[ 0.0584,  0.0033,  0.0085,  0.0147,  0.0071, -0.0085, -0.0718,  0.0740,
          0.0567,  0.0014],
        [ 0.0844,  0.0048,  0.0123,  0.0212,  0.0102, -0.0122, -0.1037,  0.1069,
          0.0819,  0.0020],
        [ 0.0398,  0.0022,  0.0058,  0.0100,  0.0048, -0.0058, -0.0489,  0.0504,
          0.0386,  0.0009],
        [ 0.0620,  0.0035,  0.0091,  0.0155,  0.0075, -0.0090, -0.0762,  0.0785,
          0.0601,  0.0015],
        [ 0.0735,  0.0042,  0.0108,  0.0184,  0.0089, -0.0106, -0.0903,  0.0931,
          0.0713,  0.0017],
        [ 0.0678,  0.0038,  0.0099,  0.0170,  0.0082, -0.0098, -0.0833,  0.0858,
          0.0658,  0.0016],
        [ 0.0603,  0.0034,  0.0088,  0.0151,  0.0073, -0.0087, -0.0740,  0.0763,
          0.0585,  0.0014],
        [ 0.0761,  0.0043,  0.0111,  0.0191,  0.0092, -0.0110, -0.0935,  0.0964,
          0.0738,  0.0018],
        [ 0.0511,  0.0029,  0.0075,  0.0128,  0.0062, -0.0074, -0.0628,  0.0647,
          0.0496,  0.0012],
        [ 0.0568,  0.0032,  0.0083,  0.0142,  0.0069, -0.0082, -0.0698,  0.0719,
          0.0551,  0.0013]])
Bias gradient of second hidden layer:
 tensor([ 0.1156,  0.0065,  0.0169,  0.0290,  0.0140, -0.0167, -0.1420,  0.1463,
         0.1121,  0.0027])
        
Weights gradient of output layer:
 tensor([[-0.8713],
        [-0.9655],
        [-1.0034],
        [-1.3373],
        [-1.1203],
        [-0.8077],
        [-0.7448],
        [-1.1001],
        [-1.2675],
        [-1.0747]])
Bias gradient of output layer:
 tensor([-1.9030])